0000031887,4.2245765,5.0,1.0
0000037214,1.0,1.0,1.0
0123456479,4.474359,5.0,1.0
0456787283,1.0,1.0,1.0
0456808574,5.0,5.0,5.0
0456830197,2.0,2.0,2.0
0456838384,5.0,5.0,5.0
0456840532,1.0,1.0,1.0
0456844570,4.0,4.0,4.0
0456856293,5.0,5.0,5.0
0641674791,4.0,4.0,4.0
0641997078,5.0,5.0,5.0
0681256036,4.0,4.0,4.0
0681358173,4.25,5.0,3.0
0742403920,3.9565217,5.0,1.0
0756029104,3.0,3.0,3.0
0756029929,5.0,5.0,5.0
0765599864,4.0,4.0,4.0
0839933363,5.0,5.0,5.0
1028907516,5.0,5.0,5.0
1094780162,5.0,5.0,5.0
1304567583,5.0,5.0,5.0
1304567613,5.0,5.0,5.0
1304743128,5.0,5.0,5.0
1304743594,5.0,5.0,5.0
1340918064,5.0,5.0,5.0
1394751931,2.0,2.0,2.0
139475891X,4.0,5.0,3.0
1397458135,4.0,4.0,4.0
1403799385,2.0,2.0,2.0
1412718031,4.625,5.0,3.0
1412719410,1.0,1.0,1.0
1465014578,4.5,5.0,4.0
1564518620,4.142857,5.0,2.0
1593153767,5.0,5.0,5.0
1595067566,5.0,5.0,5.0
1608299562,2.375,5.0,1.0
1608299627,3.1052632,5.0,1.0
1608299740,4.1666665,5.0,1.0
1608299899,3.3333333,5.0,1.0
1608299953,3.75,5.0,1.0
1608322130,3.6666667,5.0,1.0
1608322181,5.0,5.0,5.0
1608322262,5.0,5.0,5.0
1617160040,3.9615386,5.0,1.0
161716013X,4.0,5.0,1.0
1617160156,4.857143,5.0,4.0
1617160199,4.8,5.0,3.0
1617160253,2.8,5.0,1.0
1617160318,4.3333335,5.0,4.0
1617160377,3.9076922,5.0,1.0
1617160466,3.1875,5.0,1.0
1617160520,3.4666667,5.0,1.0
161716058X,2.0,3.0,1.0
1617160644,4.142857,5.0,3.0
1617160709,3.0,5.0,1.0
1617160768,4.0,5.0,1.0
1617160911,3.7142856,5.0,1.0
1617161004,1.3333334,2.0,1.0
1617161063,1.6666666,5.0,1.0
1617161128,2.6666667,4.0,2.0
1620574128,4.2,5.0,2.0
183465193X,2.0,2.0,2.0
1848572972,2.0,2.0,2.0
1864502517,3.7,5.0,2.0
1906726205,3.0,5.0,1.0
1933027223,4.6666665,5.0,3.0
1935159100,5.0,5.0,5.0
1983049581,3.0,3.0,3.0
2049768915,2.0,2.0,2.0
2200483236,4.0,4.0,4.0
2258798612,5.0,5.0,5.0
2394869135,5.0,5.0,5.0
245600258X,4.3333335,5.0,1.0
245687787X,1.5,2.0,1.0
2485907463,5.0,5.0,5.0
3293015344,4.0,5.0,3.0
3924862206,4.5,5.0,4.0
3987538945,4.0,5.0,3.0
3999837810,4.5,5.0,4.0
3999838167,5.0,5.0,5.0
3999847743,5.0,5.0,5.0
4759817492,5.0,5.0,5.0
481713996X,2.0,2.0,2.0
4911850813,2.0,5.0,1.0
4971850491,4.8,5.0,4.0
4971850788,4.6666665,5.0,4.0
4971850813,3.0,5.0,1.0
500000003X,4.6666665,5.0,4.0
5000000048,1.0,1.0,1.0
5103277875,5.0,5.0,5.0
5555012322,4.617647,5.0,1.0
555501239X,3.2,5.0,1.0
5555014090,5.0,5.0,5.0
5555014368,5.0,5.0,5.0
5555015038,5.0,5.0,5.0
5555015119,4.5,5.0,4.0
5699031936,5.0,5.0,5.0
6035555551,5.0,5.0,5.0
6040383305,4.5,5.0,4.0
6040384441,4.6666665,5.0,4.0
6041006041,1.0,1.0,1.0
6041616796,5.0,5.0,5.0
6042496778,5.0,5.0,5.0
6148249588,2.0,2.0,2.0
6152000629,3.0,5.0,1.0
6152004780,1.0,1.0,1.0
6175001273,3.5,4.0,3.0
6175001664,1.0,1.0,1.0
6181954635,1.0,1.0,1.0
7106116521,4.5,5.0,4.0
7111324579,1.0,1.0,1.0
7211045639,4.076923,5.0,1.0
7293005946,5.0,5.0,5.0
7482782028,4.5,5.0,4.0
7482784861,5.0,5.0,5.0
7482785205,5.0,5.0,5.0
7482785221,4.3333335,5.0,3.0
7501958645,3.3333333,4.0,3.0
7503681888,4.5,5.0,4.0
7549000212,3.0,5.0,1.0
7801784235,5.0,5.0,5.0
7842953562,4.0,4.0,4.0
7842955867,2.5,3.0,2.0
7884975238,5.0,5.0,5.0
7890004311,3.0,3.0,3.0
7966770882,4.6666665,5.0,4.0
7966780883,5.0,5.0,5.0
8087049098,5.0,5.0,5.0
8181475135,4.2222223,5.0,3.0
8279996834,3.0,3.0,3.0
8511000135,1.0,1.0,1.0
8742238846,4.0,4.0,4.0
8742239338,5.0,5.0,5.0
8742239745,5.0,5.0,5.0
874224241X,5.0,5.0,5.0
8742245001,5.0,5.0,5.0
8742245095,2.0,3.0,1.0
8742245117,3.5,4.0,3.0
8805003204,5.0,5.0,5.0
8862938861,4.0,5.0,3.0
8866138096,5.0,5.0,5.0
8866138371,1.0,1.0,1.0
886613984X,5.0,5.0,5.0
8921463216,5.0,5.0,5.0
8921463240,1.0,1.0,1.0
8921463267,2.0,2.0,2.0
895274649X,5.0,5.0,5.0
8970463682,5.0,5.0,5.0
8970463763,5.0,5.0,5.0
8970469826,5.0,5.0,5.0
899634480X,4.0,5.0,1.0
901248068X,5.0,5.0,5.0
9033700018,5.0,5.0,5.0
9033700026,5.0,5.0,5.0
9038900074,5.0,5.0,5.0
9502736508,4.8333335,5.0,4.0
9502736966,4.6666665,5.0,4.0
9502738349,1.0,1.0,1.0
9533222980,5.0,5.0,5.0
9533224029,4.5,5.0,4.0
9533224266,5.0,5.0,5.0
9571353221,4.5,5.0,4.0
957349230X,3.1666667,5.0,1.0
9620764617,3.4,5.0,1.0
9621434939,5.0,5.0,5.0
9626781793,3.0,3.0,3.0
9626819502,3.1935484,5.0,1.0
9626819510,3.0,3.0,3.0
9629558424,4.133333,5.0,1.0
974404117X,5.0,5.0,5.0
978979262X,2.0,2.0,2.0
978980539X,5.0,5.0,5.0
9789806442,4.0,4.0,4.0
978980685X,1.0,1.0,1.0
9789810474,4.0,4.0,4.0
9789812442,5.0,5.0,5.0
9789813473,5.0,5.0,5.0
978981366X,4.0,4.0,4.0
9789814232,5.0,5.0,5.0
9789814259,2.5,4.0,1.0
9789814607,5.0,5.0,5.0
978981528X,5.0,5.0,5.0
9789815573,5.0,5.0,5.0
9789816723,3.0,3.0,3.0
9789817924,5.0,5.0,5.0
9789841655,4.0,4.0,4.0
9800531750,5.0,5.0,5.0
982030332X,4.0,4.0,4.0
9820303354,5.0,5.0,5.0
9822490682,5.0,5.0,5.0
9822494750,5.0,5.0,5.0
9822497415,5.0,5.0,5.0
9822502885,5.0,5.0,5.0
9822504365,5.0,5.0,5.0
9822504462,5.0,5.0,5.0
9828378779,5.0,5.0,5.0
9828384647,5.0,5.0,5.0
9828384728,5.0,5.0,5.0
9828397331,5.0,5.0,5.0
9830019934,4.0,4.0,4.0
9830030296,5.0,5.0,5.0
9830031993,5.0,5.0,5.0
9830032035,3.0,3.0,3.0
9830033864,5.0,5.0,5.0
9830034321,5.0,5.0,5.0
9861137882,1.0,1.0,1.0
9881716179,3.6666667,4.0,3.0
9882105602,1.0,1.0,1.0
9888999117,4.0,4.0,4.0
9889832488,4.6666665,5.0,4.0
9895501900,5.0,5.0,5.0
9895503776,5.0,5.0,5.0
9895503792,3.0,3.0,3.0
9895515510,1.0,1.0,1.0
9895516312,5.0,5.0,5.0
9895517319,3.5714285,5.0,1.0
9895517890,2.3333333,4.0,1.0
9991122052,4.0,4.0,4.0
B000000IJZ,5.0,5.0,5.0
B000000YFH,4.6666665,5.0,4.0
B00000452O,4.3333335,5.0,3.0
B00000755K,5.0,5.0,5.0
B00000DTG5,5.0,5.0,5.0
B00000HF2Z,5.0,5.0,5.0
B00000IG4O,5.0,5.0,5.0
B00000IUYP,4.5,5.0,4.0
B00000K3SI,4.642857,5.0,3.0
B00000K3SK,4.6666665,5.0,4.0
B00000K3SL,4.733333,5.0,3.0
B00001NFV8,2.5,4.0,1.0
B00001NFX5,3.4666667,5.0,1.0
B00001O36O,3.0526316,5.0,1.0
B00001O36V,2.35,5.0,1.0
B00001O36X,5.0,5.0,5.0
B00001O375,3.125,5.0,1.0
B00001OGXJ,1.5,2.0,1.0
B00001OGXK,2.8,5.0,1.0
B00001QHXX,4.5454545,5.0,3.0
B00001QHXY,3.8666666,5.0,1.0
B00001T38R,3.625,5.0,2.0
B00001T38Y,3.7666667,5.0,2.0
B00001T8RT,3.0,3.0,3.0
B00001TAOY,5.0,5.0,5.0
B00001TOXD,2.3055556,5.0,1.0
B00001TPZJ,4.0,5.0,2.0
B00001TQ1S,5.0,5.0,5.0
B00001TQ1U,2.3333333,5.0,1.0
B00001TQ1X,2.3636363,4.0,1.0
B00001TQ2V,5.0,5.0,5.0
B00001TQ34,3.3333333,5.0,2.0
B00001TZYK,3.3529413,5.0,1.0
B00001TZZN,4.285714,5.0,4.0
B00001U00V,1.0,1.0,1.0
B00001U00Y,3.8333333,5.0,3.0
B00001U01I,1.0,1.0,1.0
B00001U02K,2.5,3.0,2.0
B00001U075,2.75,4.0,1.0
B00001U07B,2.4,5.0,1.0
B00001U07M,4.3333335,5.0,3.0
B00001U07U,3.2413793,5.0,1.0
B00001W0F2,3.45,5.0,1.0
B00001W0GC,3.525641,5.0,1.0
B00001W0J3,4.0555553,5.0,1.0
B00001W0KA,4.144144,5.0,1.0
B00001WRHJ,4.13253,5.0,1.0
B00002243H,4.1764708,5.0,1.0
B00002243I,4.0,4.0,4.0
B0000224VM,3.142857,5.0,1.0
B00002251L,4.6153846,5.0,3.0
B000022528,5.0,5.0,5.0
B000024QZJ,5.0,5.0,5.0
B000026D6I,4.0595236,5.0,1.0
B0000282R9,5.0,5.0,5.0
B00002N5QQ,4.0,5.0,3.0
B00002N7X0,3.5,5.0,1.0
B000034DKV,4.888889,5.0,4.0
B000034DKX,4.047619,5.0,2.0
B000034DKZ,4.744186,5.0,1.0
B000034DL1,4.5,5.0,3.0
B000034DLB,5.0,5.0,5.0
B000034DLC,4.6666665,5.0,3.0
B000034DLD,4.6,5.0,2.0
B000034DLF,4.428571,5.0,3.0
B000034DLG,4.6666665,5.0,3.0
B00004NKKE,3.9230769,5.0,1.0
B00004R904,5.0,5.0,5.0
B00004SQLQ,5.0,5.0,5.0
B00004SR8W,4.361702,5.0,1.0
B00004SR8X,2.25,4.0,1.0
B00004SR8Y,3.75,5.0,1.0
B00004SR8Z,4.0898876,5.0,1.0
B0017QA1AU,3.0,3.0,3.0
B0017QA42A,2.0,2.0,2.0
B0017QA6AK,4.5,5.0,4.0
B0017QA98O,4.75,5.0,3.0
B0017QBIUC,3.7142856,5.0,2.0
B0017QCAGS,3.0,3.0,3.0
B0017QD01M,3.0,3.0,3.0
B0017QDEQS,3.7777777,5.0,1.0
