5.0	B00001QHXX
5.0	B00001QHXX
5.0	B00001QHXX
5.0	B00004SR8Z
5.0	B00001QHXX
5.0	0123456479
5.0	B00001QHXX
5.0	B00001QHXX
5.0	B00001QHXX
5.0	B00001QHXX
5.0	B00001QHXX
5.0	B00001OGXK
5.0	0123456479
5.0	B00002243H
5.0	0123456479
5.0	0000031887
5.0	B00001OGXK
5.0	B00002243H
5.0	B00002243H
5.0	B00002243H
5.0	B00002243H
5.0	B0000224VM
5.0	B0000224VM
5.0	B00002251L
5.0	0123456479
5.0	B00002251L
5.0	B00001O375
5.0	B00002251L
5.0	B00002251L
5.0	B0017QA98O
5.0	B00002251L
5.0	B00001O36X
5.0	B00002251L
5.0	B00002251L
5.0	B00002251L
5.0	B00001O36V
5.0	B00002251L
5.0	0123456479
5.0	B00002251L
5.0	B000022528
5.0	B000022528
5.0	B000024QZJ
5.0	B000026D6I
5.0	B000026D6I
5.0	B000026D6I
5.0	B000026D6I
5.0	B000026D6I
5.0	0123456479
5.0	B000026D6I
5.0	B00001O36V
5.0	B00001O36V
5.0	B000026D6I
5.0	B000026D6I
5.0	B000026D6I
5.0	B000026D6I
5.0	0000031887
5.0	B000026D6I
5.0	B000026D6I
5.0	B00001O36O
5.0	B000026D6I
5.0	B00001O36O
5.0	B000026D6I
5.0	B000026D6I
5.0	0123456479
5.0	B00001O36O
5.0	B00001O36O
5.0	B000026D6I
5.0	0123456479
5.0	B000026D6I
5.0	B00001O36O
5.0	B00001O36O
5.0	0123456479
5.0	B00001NFX5
5.0	B000026D6I
5.0	B000026D6I
5.0	B000026D6I
5.0	B000026D6I
5.0	B00001NFX5
5.0	0000031887
5.0	B000026D6I
5.0	0123456479
5.0	B000026D6I
5.0	B00001NFX5
5.0	B000026D6I
5.0	B00001NFX5
5.0	0123456479
5.0	0000031887
5.0	B000026D6I
5.0	B00000K3SL
5.0	B00000K3SL
5.0	B00000K3SL
5.0	B00000K3SL
5.0	0123456479
5.0	B00000K3SL
5.0	B00000K3SL
5.0	B00000K3SL
5.0	B000026D6I
5.0	0123456479
5.0	B00000K3SL
5.0	B00000K3SL
5.0	B00000K3SL
5.0	B00000K3SL
5.0	B00000K3SL
5.0	B00000K3SK
5.0	B00000K3SK
5.0	B00004SR8Z
5.0	B00000K3SK
5.0	0000031887
5.0	B00000K3SK
5.0	B00000K3SI
5.0	B00000K3SI
5.0	B00000K3SI
5.0	B00000K3SI
5.0	B00000K3SI
5.0	B00000K3SI
5.0	B00000K3SI
5.0	B00000K3SI
5.0	0000031887
5.0	B00000K3SI
5.0	0000031887
5.0	0000031887
5.0	B00000K3SI
5.0	B000026D6I
5.0	B00000IUYP
5.0	B00004SR8Z
5.0	0000031887
5.0	B00000IUYP
5.0	B00000IG4O
5.0	B00000IG4O
5.0	B00000IG4O
5.0	B00000HF2Z
5.0	B00000HF2Z
5.0	B00000DTG5
5.0	B00000755K
5.0	B00000755K
5.0	B00000755K
5.0	B00000452O
5.0	B00000452O
5.0	B000026D6I
5.0	B000000YFH
5.0	0000031887
5.0	B000000YFH
5.0	B000000YFH
5.0	B000000YFH
5.0	0000031887
5.0	B000000IJZ
5.0	B00004SR8Z
5.0	0000031887
5.0	B000026D6I
5.0	B000026D6I
5.0	9895517319
5.0	9895517319
5.0	0000031887
5.0	B000026D6I
5.0	B000026D6I
5.0	9895517319
5.0	B000026D6I
5.0	9895516312
5.0	B000026D6I
5.0	B000026D6I
5.0	9895503776
5.0	9895501900
5.0	9889832488
5.0	0000031887
5.0	9889832488
5.0	B00004SR8Z
5.0	B0000282R9
5.0	0000031887
5.0	B00004SR8Z
5.0	B0000282R9
5.0	B0000282R9
5.0	9830034321
5.0	9830033864
5.0	B00002N5QQ
5.0	9830031993
5.0	9830030296
5.0	0000031887
5.0	9828397331
5.0	9828384728
5.0	9828384647
5.0	9828378779
5.0	9822504462
5.0	9822504365
5.0	9822502885
5.0	9822497415
5.0	9822494750
5.0	9822490682
5.0	9820303354
5.0	0000031887
5.0	9800531750
5.0	0000031887
5.0	9789817924
5.0	B00002N7X0
5.0	9789815573
5.0	978981528X
5.0	9789814607
5.0	0000031887
5.0	B000034DKV
5.0	9789814232
5.0	0000031887
5.0	9789813473
5.0	9789812442
5.0	9789812442
5.0	B00004SR8Z
5.0	B000034DKV
5.0	0000031887
5.0	978980539X
5.0	B000034DKV
5.0	974404117X
5.0	B000034DKV
5.0	9629558424
5.0	0000031887
5.0	0000031887
5.0	0000031887
5.0	B000034DKV
5.0	9629558424
5.0	9629558424
5.0	9629558424
5.0	B00004SR8Z
5.0	0000031887
5.0	9629558424
5.0	0000031887
5.0	9629558424
5.0	9629558424
5.0	B000034DKV
5.0	B000034DKV
5.0	9626819502
5.0	B000034DKV
5.0	0000031887
5.0	B000034DKX
5.0	B000034DKX
5.0	B000034DKX
5.0	0000031887
5.0	9626819502
5.0	B000034DKX
5.0	9626819502
5.0	0000031887
5.0	B000034DKX
5.0	0000031887
5.0	B000034DKX
5.0	B000034DKX
5.0	B000034DKX
5.0	9626819502
5.0	B000034DKX
5.0	9626819502
5.0	0000031887
5.0	0000031887
5.0	B000034DKZ
5.0	9626819502
5.0	B000034DKZ
5.0	B000034DKZ
5.0	9626819502
5.0	9626819502
5.0	B000034DKZ
5.0	9626819502
5.0	9626819502
5.0	B000034DKZ
5.0	9621434939
5.0	9620764617
5.0	B000034DKZ
5.0	B000034DKZ
5.0	9620764617
5.0	9620764617
5.0	B000034DKZ
5.0	B000034DKZ
5.0	957349230X
5.0	B000034DKZ
5.0	957349230X
5.0	0000031887
5.0	9571353221
5.0	B00004SR8Z
5.0	9533224266
5.0	0000031887
5.0	9533224029
5.0	9533222980
5.0	B000034DKZ
5.0	9502736966
5.0	9502736966
5.0	B00004SR8Z
5.0	9502736508
5.0	9502736508
5.0	9502736508
5.0	9502736508
5.0	0000031887
5.0	9502736508
5.0	9038900074
5.0	9033700026
5.0	9033700026
5.0	9033700026
5.0	9033700018
5.0	901248068X
5.0	B000034DKZ
5.0	B000034DKZ
5.0	899634480X
5.0	899634480X
5.0	B000034DKZ
5.0	0000031887
5.0	899634480X
5.0	899634480X
5.0	0000031887
5.0	899634480X
5.0	0000031887
5.0	899634480X
5.0	0000031887
5.0	899634480X
5.0	8970469826
5.0	8970469826
5.0	8970463763
5.0	8970463682
5.0	8970463682
5.0	8970463682
5.0	895274649X
5.0	B000034DKZ
5.0	B000034DKZ
5.0	8921463216
5.0	886613984X
5.0	886613984X
5.0	B000034DKZ
5.0	8866138096
5.0	B000034DKZ
5.0	8862938861
5.0	8805003204
5.0	B000034DKZ
5.0	0000031887
5.0	B000034DKZ
5.0	B000034DKZ
5.0	8742245001
5.0	874224241X
5.0	8742239745
5.0	8742239338
5.0	0000031887
5.0	B000034DKZ
5.0	B000034DKZ
5.0	8181475135
5.0	0000031887
5.0	0000031887
5.0	0000031887
5.0	B000034DKZ
5.0	8181475135
5.0	8181475135
5.0	0000031887
5.0	B00004SR8Z
5.0	8087049098
5.0	7966780883
5.0	7966780883
5.0	7966780883
5.0	7966780883
5.0	7966770882
5.0	0000031887
5.0	7966770882
5.0	B000034DKZ
5.0	7884975238
5.0	7884975238
5.0	7884975238
5.0	7884975238
5.0	B000034DKZ
5.0	B000034DKZ
5.0	0000031887
5.0	B00004SR8Z
5.0	7801784235
5.0	7549000212
5.0	B000034DKZ
5.0	B000034DKZ
5.0	B000034DKZ
5.0	7503681888
5.0	0000031887
5.0	0000031887
5.0	B000034DKZ
5.0	B000034DKZ
5.0	B000034DKZ
5.0	7482785221
5.0	7482785221
5.0	7482785205
5.0	7482785205
5.0	7482784861
5.0	7482784861
5.0	7482782028
5.0	B00004SR8Z
5.0	7293005946
5.0	0000031887
5.0	7211045639
5.0	B000034DKZ
5.0	7211045639
5.0	B00004SR8Z
5.0	B000034DKZ
5.0	0000031887
5.0	B000034DKZ
5.0	7211045639
5.0	7211045639
5.0	7211045639
5.0	7211045639
5.0	7211045639
5.0	B000034DKZ
5.0	0000031887
5.0	7106116521
5.0	B000034DKZ
5.0	B000034DKZ
5.0	0000031887
5.0	B000034DKZ
5.0	B000034DKZ
5.0	B000034DKZ
5.0	6152000629
5.0	B000034DKZ
5.0	B000034DKZ
5.0	6042496778
5.0	6041616796
5.0	B000034DKZ
5.0	0000031887
5.0	6040384441
5.0	6040384441
5.0	6040383305
5.0	0000031887
5.0	6035555551
5.0	5699031936
5.0	5555015119
5.0	0000031887
5.0	5555015038
5.0	5555015038
5.0	5555014368
5.0	5555014090
5.0	B000034DKZ
5.0	0000031887
5.0	555501239X
5.0	B000034DKZ
5.0	B000034DKZ
5.0	5555012322
5.0	5555012322
5.0	B000034DKZ
5.0	5555012322
5.0	5555012322
5.0	B00004SR8Z
5.0	5555012322
5.0	5555012322
5.0	0000031887
5.0	5555012322
5.0	5555012322
5.0	5555012322
5.0	5555012322
5.0	5555012322
5.0	5555012322
5.0	5555012322
5.0	B00004SR8Z
5.0	5555012322
5.0	5555012322
5.0	B000034DKZ
5.0	0000031887
5.0	5555012322
5.0	5555012322
5.0	5555012322
5.0	B000034DKZ
5.0	5555012322
5.0	5555012322
5.0	5555012322
5.0	5555012322
5.0	5555012322
5.0	5555012322
5.0	5555012322
5.0	B00004SR8Z
5.0	5555012322
5.0	5103277875
5.0	B000034DKZ
5.0	500000003X
5.0	B0017QA98O
5.0	500000003X
5.0	4971850813
5.0	B000034DKZ
5.0	0000031887
5.0	4971850788
5.0	0000031887
5.0	4971850788
5.0	4971850788
5.0	4971850788
5.0	B00004SR8Z
5.0	4971850491
5.0	4971850491
5.0	4971850491
5.0	4971850491
5.0	0000031887
5.0	4971850491
5.0	4971850491
5.0	4971850491
5.0	4971850491
5.0	B000034DKZ
5.0	4911850813
5.0	B000034DKZ
5.0	B000034DKZ
5.0	B000034DKZ
5.0	B000034DKZ
5.0	B000034DKZ
5.0	4759817492
5.0	3999847743
5.0	3999838167
5.0	3999837810
5.0	0000031887
5.0	B000034DKZ
5.0	3987538945
5.0	3924862206
5.0	3924862206
5.0	0000031887
5.0	0000031887
5.0	B000034DKZ
5.0	3293015344
5.0	2485907463
5.0	B000034DKZ
5.0	B000034DKZ
5.0	245600258X
5.0	B0017QA98O
5.0	0000031887
5.0	B000034DKZ
5.0	0000031887
5.0	0000031887
5.0	245600258X
5.0	245600258X
5.0	245600258X
5.0	0000031887
5.0	245600258X
5.0	0000031887
5.0	245600258X
5.0	245600258X
5.0	0000031887
5.0	245600258X
5.0	245600258X
5.0	245600258X
5.0	245600258X
5.0	245600258X
5.0	0000031887
5.0	245600258X
5.0	245600258X
5.0	B000034DKZ
5.0	245600258X
5.0	245600258X
5.0	0000031887
5.0	B000034DKZ
5.0	B000034DKZ
5.0	B000034DKZ
5.0	0000031887
5.0	B000034DKZ
5.0	245600258X
5.0	245600258X
5.0	B000034DL1
5.0	245600258X
5.0	245600258X
5.0	245600258X
5.0	245600258X
5.0	2394869135
5.0	2258798612
5.0	0000031887
5.0	B000034DL1
5.0	B000034DL1
5.0	1935159100
5.0	B000034DL1
5.0	0000031887
5.0	1933027223
5.0	0000031887
5.0	B0017QA6AK
5.0	1933027223
5.0	1933027223
5.0	1933027223
5.0	1933027223
5.0	1933027223
5.0	1933027223
5.0	1933027223
5.0	1933027223
5.0	1933027223
5.0	1933027223
5.0	1906726205
5.0	B000034DLB
5.0	B000034DLC
5.0	0000031887
5.0	1864502517
5.0	1864502517
5.0	B0017QA98O
5.0	1864502517
5.0	B000034DLC
5.0	B000034DLC
5.0	B000034DLC
5.0	0000031887
5.0	B000034DLC
5.0	B000034DLC
5.0	B000034DLC
5.0	B0017QA98O
5.0	1620574128
5.0	1620574128
5.0	B000034DLD
5.0	1620574128
5.0	B000034DLD
5.0	B000034DLD
5.0	0000031887
5.0	1617161063
5.0	B000034DLD
5.0	B000034DLD
5.0	B000034DLD
5.0	B000034DLD
5.0	B000034DLD
5.0	B000034DLD
5.0	B000034DLD
5.0	B000034DLD
5.0	1617160911
5.0	B000034DLD
5.0	0000031887
5.0	1617160911
5.0	B000034DLF
5.0	0000031887
5.0	1617160911
5.0	1617160768
5.0	1617160768
5.0	1617160768
5.0	1617160768
5.0	1617160768
5.0	B000034DLF
5.0	B000034DLF
5.0	1617160768
5.0	B000034DLF
5.0	B000034DLG
5.0	1617160768
5.0	1617160768
5.0	B000034DLG
5.0	1617160768
5.0	0000031887
5.0	1617160768
5.0	1617160768
5.0	1617160768
5.0	0000031887
5.0	B000034DLG
5.0	1617160709
5.0	B000034DLG
5.0	B000034DLG
5.0	B000034DLG
5.0	1617160644
5.0	0000031887
5.0	1617160644
5.0	B000034DLG
5.0	0000031887
5.0	1617160644
5.0	B00004NKKE
5.0	B00004NKKE
5.0	1617160520
5.0	B00004NKKE
5.0	1617160520
5.0	B00004NKKE
5.0	B00004NKKE
5.0	1617160520
5.0	1617160520
5.0	B00004NKKE
5.0	1617160520
5.0	B00004NKKE
5.0	1617160520
5.0	B00004NKKE
5.0	1617160520
5.0	B00004R904
5.0	1617160520
5.0	B00004R904
5.0	B00004SQLQ
5.0	0000031887
5.0	B00004SR8W
5.0	B00004SR8W
5.0	0000031887
5.0	1617160466
5.0	B00004SR8W
5.0	B00004SR8W
5.0	1617160466
5.0	B00004SR8W
5.0	B00004SR8W
5.0	0000031887
5.0	B0017QA98O
5.0	B00004SR8W
5.0	0000031887
5.0	1617160377
5.0	B00004SR8W
5.0	B00004SR8W
5.0	1617160377
5.0	B00004SR8W
5.0	B00004SR8W
5.0	0000031887
5.0	B00004SR8W
5.0	0000031887
5.0	1617160377
5.0	B00004SR8W
5.0	B00004SR8W
5.0	B00004SR8W
5.0	B00004SR8W
5.0	1617160377
5.0	1617160377
5.0	B00004SR8W
5.0	1617160377
5.0	B0017QA98O
5.0	1617160377
5.0	0000031887
5.0	1617160377
5.0	1617160377
5.0	1617160377
5.0	1617160377
5.0	0000031887
5.0	0000031887
5.0	1617160377
5.0	0000031887
5.0	B00004SR8W
5.0	1617160377
5.0	B00004SR8W
5.0	0000031887
5.0	0000031887
5.0	1617160377
5.0	0000031887
5.0	B00004SR8W
5.0	1617160377
5.0	1617160377
5.0	1617160377
5.0	B00004SR8W
5.0	B00004SR8W
5.0	0000031887
5.0	1617160377
5.0	1617160377
5.0	1617160377
5.0	1617160377
5.0	1617160377
5.0	1617160377
5.0	1617160377
5.0	B00004SR8W
5.0	0000031887
5.0	1617160377
5.0	B00004SR8W
5.0	1617160377
5.0	0000031887
5.0	B00004SR8W
5.0	1617160377
5.0	0000031887
5.0	1617160377
5.0	1617160377
5.0	1617160377
5.0	1617160377
5.0	B0017QA98O
5.0	1617160377
5.0	B0017QA98O
5.0	1617160318
5.0	0000031887
5.0	B00004SR8W
5.0	1617160253
5.0	B00004SR8W
5.0	B00004SR8W
5.0	B00004SR8W
5.0	1617160199
5.0	1617160199
5.0	1617160199
5.0	1617160199
5.0	1617160199
5.0	1617160199
5.0	1617160199
5.0	1617160199
5.0	B00004SR8W
5.0	1617160199
5.0	1617160156
5.0	0000031887
5.0	1617160156
5.0	1617160156
5.0	1617160156
5.0	1617160156
5.0	1617160156
5.0	161716013X
5.0	161716013X
5.0	161716013X
5.0	0000031887
5.0	B00004SR8W
5.0	B0017QBIUC
5.0	1617160040
5.0	1617160040
5.0	1617160040
5.0	B0017QDEQS
5.0	1617160040
5.0	1617160040
5.0	1617160040
5.0	1617160040
5.0	B00004SR8W
5.0	B00004SR8W
5.0	1617160040
5.0	1617160040
5.0	B00004SR8W
5.0	B00004SR8W
5.0	1617160040
5.0	B00004SR8W
5.0	1617160040
5.0	0000031887
5.0	1617160040
5.0	0000031887
5.0	1617160040
5.0	0000031887
5.0	1617160040
5.0	B00004SR8W
5.0	0000031887
5.0	B0017QBIUC
5.0	1608322262
5.0	1608322262
5.0	1608322262
5.0	1608322181
5.0	1608322130
5.0	1608322130
5.0	B00004SR8W
5.0	1608322130
5.0	B00004SR8W
5.0	0000031887
5.0	B00004SR8W
5.0	B00004SR8W
5.0	B00004SR8W
5.0	1608299953
5.0	B00004SR8W
5.0	1608299953
5.0	0000031887
5.0	1608299953
5.0	0000031887
5.0	1608299953
5.0	1608299953
5.0	1608299953
5.0	1608299953
5.0	1608299953
5.0	1608299953
5.0	1608299953
5.0	B0017QDEQS
5.0	B00004SR8W
5.0	B0017QA98O
5.0	B00004SR8W
5.0	B0017QA98O
5.0	1608299953
5.0	B0017QA98O
5.0	0000031887
5.0	B00004SR8W
5.0	1608299953
5.0	1608299953
5.0	B00004SR8W
5.0	0000031887
5.0	1608299953
5.0	1608299953
5.0	1608299953
5.0	0000031887
5.0	1608299953
5.0	B00004SR8W
5.0	1608299953
5.0	0000031887
5.0	1608299953
5.0	B00004SR8W
5.0	1608299953
5.0	1608299953
5.0	B00004SR8W
5.0	B0017QA98O
5.0	0000031887
5.0	1608299953
5.0	B00004SR8W
5.0	1608299953
5.0	B00004SR8W
5.0	B00004SR8W
5.0	B0017QA98O
5.0	B00004SR8W
5.0	B00004SR8W
5.0	B00004SR8W
5.0	B00004SR8W
5.0	1608299953
5.0	B00004SR8W
5.0	1608299953
5.0	1608299953
5.0	0000031887
5.0	0000031887
5.0	0000031887
5.0	B00004SR8W
5.0	0000031887
5.0	0000031887
5.0	1608299953
5.0	B00004SR8W
5.0	1608299953
5.0	0000031887
5.0	B00004SR8W
5.0	1608299899
5.0	0000031887
5.0	B0017QA98O
5.0	1608299899
5.0	B00004SR8W
5.0	1608299740
5.0	1608299740
5.0	1608299740
5.0	1608299740
5.0	0000031887
5.0	B00004SR8Y
5.0	B00004SR8Y
5.0	B00004SR8Y
5.0	1608299627
5.0	B00004SR8Y
5.0	1608299627
5.0	0000031887
5.0	B00004SR8Y
5.0	B0017QA98O
5.0	B00004SR8Y
5.0	1608299627
5.0	1608299627
5.0	B00004SR8Y
5.0	1608299627
5.0	1608299627
5.0	B00004SR8Y
5.0	B00004SR8Y
5.0	0000031887
5.0	B00004SR8Y
5.0	B00004SR8Y
5.0	B00004SR8Y
5.0	0000031887
5.0	B00004SR8Y
5.0	B00004SR8Y
5.0	1608299562
5.0	B00004SR8Y
5.0	B00004SR8Y
5.0	B00004SR8Y
5.0	1595067566
5.0	1593153767
5.0	1564518620
5.0	1564518620
5.0	1564518620
5.0	B00004SR8Y
5.0	1564518620
5.0	B00004SR8Z
5.0	1564518620
5.0	1465014578
5.0	0000031887
5.0	B00004SR8Z
5.0	B00004SR8Z
5.0	B00004SR8Z
5.0	B00004SR8Z
5.0	1412718031
5.0	1412718031
5.0	0000031887
5.0	1412718031
5.0	0000031887
5.0	1412718031
5.0	1412718031
5.0	1412718031
5.0	B0017QA98O
5.0	0000031887
5.0	1412718031
5.0	1412718031
5.0	B00004SR8Z
5.0	1412718031
5.0	1412718031
5.0	1412718031
5.0	B00004SR8Z
5.0	0000031887
5.0	B00004SR8Z
5.0	139475891X
5.0	B00004SR8Z
5.0	1340918064
5.0	1304743594
5.0	1304743594
5.0	1304743594
5.0	1304743594
5.0	1304743128
5.0	1304743128
5.0	1304743128
5.0	1304743128
5.0	1304567613
5.0	1304567583
5.0	1094780162
5.0	1028907516
5.0	0839933363
5.0	0000031887
5.0	0756029929
5.0	B00004SR8Z
5.0	0000031887
5.0	0742403920
5.0	0742403920
5.0	B00004SR8Z
5.0	0742403920
5.0	0742403920
5.0	0000031887
5.0	B00001W0J3
5.0	B00001W0J3
5.0	B00001W0J3
5.0	B00001W0J3
5.0	B00001W0J3
5.0	B00001W0J3
5.0	B00001W0J3
5.0	B00001W0J3
5.0	B00001W0J3
5.0	B00004SR8Z
5.0	0000031887
5.0	0000031887
5.0	B00001W0J3
5.0	B00001W0J3
5.0	B00001W0J3
5.0	B00001W0J3
5.0	B00001W0J3
5.0	B00001W0J3
5.0	B00001W0J3
5.0	B00004SR8Z
5.0	B00001W0J3
5.0	B00001W0J3
5.0	0742403920
5.0	B00001W0GC
5.0	B00001W0J3
5.0	0742403920
5.0	B00001W0J3
5.0	B00001W0GC
5.0	B00001W0J3
5.0	B00001W0J3
5.0	0742403920
5.0	B00001W0GC
5.0	B00001W0J3
5.0	0742403920
5.0	0742403920
5.0	B00001W0GC
5.0	B00001W0GC
5.0	0742403920
5.0	B00001W0GC
5.0	0742403920
5.0	B00001W0J3
5.0	B00001W0GC
5.0	B00001W0J3
5.0	B00001W0J3
5.0	B00004SR8Z
5.0	B00001W0J3
5.0	B00001W0J3
5.0	B00001W0KA
5.0	0000031887
5.0	B00004SR8Z
5.0	B00001W0KA
5.0	B00001W0GC
5.0	B00001W0KA
5.0	B00001W0KA
5.0	0742403920
5.0	B00004SR8Z
5.0	0681358173
5.0	0681358173
5.0	B00001W0GC
5.0	B00001W0KA
5.0	B00001W0GC
5.0	B0017QA98O
5.0	B00004SR8Z
5.0	B00001W0GC
5.0	B00001W0KA
5.0	B00001W0KA
5.0	B00001W0KA
5.0	B00001W0GC
5.0	B00001W0GC
5.0	B00001W0KA
5.0	B0017QA98O
5.0	0641997078
5.0	B00001W0KA
5.0	B00001W0KA
5.0	0000031887
5.0	B00001W0KA
5.0	0456856293
5.0	B00001W0KA
5.0	B00001W0GC
5.0	B00001W0KA
5.0	B00001W0KA
5.0	0000031887
5.0	B00001W0KA
5.0	B00001W0KA
5.0	B00001W0GC
5.0	B00001W0GC
5.0	B00001W0GC
5.0	B00004SR8Z
5.0	B00001W0GC
5.0	B00001W0KA
5.0	B00001W0KA
5.0	0456838384
5.0	B00001W0GC
5.0	B00001W0KA
5.0	B00004SR8Z
5.0	B00001W0GC
5.0	0456808574
5.0	B00001W0GC
5.0	B00004SR8Z
5.0	B00001W0GC
5.0	B00001W0F2
5.0	B00001W0KA
5.0	B00004SR8Z
5.0	B00001W0KA
5.0	0123456479
5.0	B00001W0KA
5.0	B00001W0KA
5.0	B00001W0KA
5.0	B00001W0F2
5.0	B00001W0KA
5.0	B00001W0KA
5.0	0123456479
5.0	B00001W0F2
5.0	0123456479
5.0	B00001W0F2
5.0	B00001W0F2
5.0	B00001W0KA
5.0	B00001W0F2
5.0	0123456479
5.0	B00001W0F2
5.0	0000031887
5.0	B00001W0KA
5.0	B00001W0KA
5.0	0000031887
5.0	B00001W0KA
5.0	B00001U07U
5.0	B00001U07U
5.0	0123456479
5.0	B00001U07U
5.0	B00001W0KA
5.0	B00001W0KA
5.0	B00001U07U
5.0	B00001W0KA
5.0	B00001W0KA
5.0	B00001W0KA
5.0	B00001W0KA
5.0	B00001W0KA
5.0	B00001W0KA
5.0	B00001U07U
5.0	B00001W0KA
5.0	B00001U07U
5.0	B00001W0KA
5.0	B00001W0KA
5.0	B00001W0KA
5.0	B00001U07U
5.0	B00001U07U
5.0	B00004SR8Z
5.0	B00004SR8Z
5.0	B00001W0KA
5.0	B00001U07M
5.0	B00001U07M
5.0	B00001W0KA
5.0	B00001W0KA
5.0	B00001W0KA
5.0	B00001W0KA
5.0	B00001W0KA
5.0	B00001U07B
5.0	0123456479
5.0	B00001W0KA
5.0	B00001W0KA
5.0	0123456479
5.0	B00001W0KA
5.0	B00001W0KA
5.0	B00001W0KA
5.0	B00001U00Y
5.0	B00001W0KA
5.0	B00001W0KA
5.0	B00001U00Y
5.0	B00001W0KA
5.0	0123456479
5.0	B00001W0KA
5.0	B00001TZZN
5.0	0123456479
5.0	0123456479
5.0	0123456479
5.0	B0017QA98O
5.0	B00001TZZN
5.0	0123456479
5.0	B00001W0KA
5.0	B0017QDEQS
5.0	B00001TZYK
5.0	B00001TZYK
5.0	B00001TZYK
5.0	B00001W0KA
5.0	0123456479
5.0	B00001TZYK
5.0	B00001TZYK
5.0	B00001W0KA
5.0	B00001W0KA
5.0	B00001W0KA
5.0	B00001W0KA
5.0	B00001WRHJ
5.0	B00001WRHJ
5.0	B00001TZYK
5.0	B00001WRHJ
5.0	B00001TQ34
5.0	B00001WRHJ
5.0	0000031887
5.0	B00001WRHJ
5.0	B00001WRHJ
5.0	B00001WRHJ
5.0	B00001WRHJ
5.0	B00001TQ34
5.0	B00001TQ34
5.0	B00001TQ2V
5.0	B00001TQ2V
5.0	B00001WRHJ
5.0	B00001WRHJ
5.0	B00001WRHJ
5.0	B00001WRHJ
5.0	0123456479
5.0	B00001WRHJ
5.0	0123456479
5.0	0123456479
5.0	B00001WRHJ
5.0	B00001WRHJ
5.0	B00001WRHJ
5.0	B00001WRHJ
5.0	B00001TQ1U
5.0	B00001WRHJ
5.0	B00001WRHJ
5.0	B00001WRHJ
5.0	B00001WRHJ
5.0	B00001TQ1S
5.0	B00001TQ1S
5.0	0123456479
5.0	B00001TPZJ
5.0	B00001WRHJ
5.0	0123456479
5.0	0000031887
5.0	B00001TPZJ
5.0	B00004SR8Z
5.0	B00001WRHJ
5.0	B00001WRHJ
5.0	B00001WRHJ
5.0	B00001WRHJ
5.0	B00001WRHJ
5.0	B00001WRHJ
5.0	B00001WRHJ
5.0	B00001WRHJ
5.0	B00004SR8Z
5.0	B00001WRHJ
5.0	B00001WRHJ
5.0	B00001TOXD
5.0	B00001TOXD
5.0	B00001WRHJ
5.0	B00001TOXD
5.0	0123456479
5.0	B00001WRHJ
5.0	0123456479
5.0	B00001WRHJ
5.0	B00001WRHJ
5.0	B00001WRHJ
5.0	B00001WRHJ
5.0	B00001WRHJ
5.0	B00001TOXD
5.0	B00002243H
5.0	B00001TOXD
5.0	B00002243H
5.0	B00002243H
5.0	B00002243H
5.0	B00002243H
5.0	B00002243H
5.0	B00002243H
5.0	B00002243H
5.0	B00002243H
5.0	B00002243H
5.0	B00002243H
5.0	B00001TAOY
5.0	B00002243H
5.0	B00002243H
5.0	B00002243H
5.0	B00002243H
5.0	B00001T38Y
5.0	0123456479
5.0	0123456479
5.0	B00002243H
5.0	B00002243H
5.0	B00002243H
5.0	B00001T38Y
5.0	B00004SR8Z
5.0	B00004SR8Z
5.0	B00002243H
5.0	0123456479
5.0	B00001T38Y
5.0	B00002243H
5.0	B00001T38Y
5.0	0000031887
5.0	B00002243H
5.0	B00001T38Y
5.0	B00004SR8Z
5.0	0123456479
5.0	B00001T38Y
5.0	B00004SR8Z
5.0	0123456479
5.0	B00002243H
5.0	0123456479
5.0	B00001T38Y
5.0	B00001T38Y
5.0	0000031887
5.0	B0017QA98O
5.0	B0017QA98O
5.0	B00002243H
5.0	B00001T38R
5.0	0000031887
5.0	B00002243H
5.0	0123456479
5.0	0123456479
5.0	B00002243H
5.0	B00001QHXY
5.0	B00001QHXY
5.0	B00001QHXY
5.0	B00001QHXY
5.0	B00002243H
5.0	0123456479
5.0	0123456479
5.0	0123456479
5.0	0123456479
5.0	B00002243H
5.0	B00002243H
5.0	B00002243H
5.0	B00001QHXY
5.0	B00001QHXY
5.0	B00002243H
5.0	B00001QHXX
5.0	B00001QHXX
5.0	B00001QHXX
5.0	B00001QHXX
5.0	0123456479
5.0	0123456479
5.0	B00001QHXX
5.0	B00002243H
5.0	B00001QHXX
5.0	0123456479
5.0	B00001QHXX
5.0	B00001QHXX
5.0	B00001QHXX
5.0	B00001QHXX
5.0	0123456479
5.0	0123456479
5.0	B00002243H
5.0	0123456479
5.0	B00001QHXX
5.0	B00001QHXX
5.0	0123456479
