1.0	B00004SR8Y
1.0	0000031887
1.0	0123456479
1.0	1617160377
1.0	B00001NFX5
1.0	B00001TQ1U
1.0	B00001W0KA
1.0	B00004SR8Z
1.0	B00004SR8W
1.0	957349230X
1.0	1617160466
1.0	B00001O36O
1.0	B00001O36O
1.0	B00001TOXD
1.0	B00001U07U
1.0	B00001U07U
1.0	B00001O36O
1.0	1608299953
1.0	B00001U01I
1.0	1617160466
1.0	B00001O36O
1.0	1617160520
1.0	1608299953
1.0	B00004NKKE
1.0	1617160520
1.0	B00004NKKE
1.0	0000031887
1.0	1617160520
1.0	9626819502
1.0	0000037214
1.0	B00001U07U
1.0	1617160520
1.0	B00001W0GC
1.0	0456787283
1.0	161716058X
1.0	B00001TZYK
1.0	B00001W0KA
1.0	0000031887
1.0	1608299740
1.0	9629558424
1.0	0456840532
1.0	1617160709
1.0	B00001TQ1X
1.0	1617160768
1.0	B00001O36O
1.0	1617160768
1.0	1617160768
1.0	1617160911
1.0	1608299953
1.0	B00004SR8Z
1.0	B00001W0F2
1.0	B00001O36O
1.0	1617161004
1.0	1617161004
1.0	B00001W0KA
1.0	B00004SR8Z
1.0	B00001W0F2
1.0	1617161063
1.0	1617161063
1.0	1617161063
1.0	1617161063
1.0	1617161063
1.0	B00001TQ1X
1.0	B00001W0F2
1.0	0742403920
1.0	1608299953
1.0	B00001O36O
1.0	B00001O36V
1.0	B00001O36V
1.0	0000031887
1.0	B00001W0F2
1.0	978980685X
1.0	0000031887
1.0	B00001W0F2
1.0	0000031887
1.0	1906726205
1.0	B00001WRHJ
1.0	1608299627
1.0	9789814259
1.0	1608299953
1.0	B00001TZYK
1.0	B0017QDEQS
1.0	B00001O36V
1.0	B00004SR8Y
1.0	9626819502
1.0	B00001O36V
1.0	1608299562
1.0	245600258X
1.0	B00001W0GC
1.0	245687787X
1.0	B00001W0GC
1.0	B00001WRHJ
1.0	B00004SR8X
1.0	0000031887
1.0	1608322130
1.0	0000031887
1.0	4911850813
1.0	4911850813
1.0	B00001O36V
1.0	0742403920
1.0	4911850813
1.0	4971850813
1.0	5000000048
1.0	1608299953
1.0	B00001WRHJ
1.0	5555012322
1.0	B00001W0GC
1.0	B00001W0GC
1.0	555501239X
1.0	6041006041
1.0	0000031887
1.0	B00001O36V
1.0	6152000629
1.0	6152004780
1.0	6152004780
1.0	B00001W0GC
1.0	6175001664
1.0	6181954635
1.0	7111324579
1.0	B00001O36V
1.0	1608299627
1.0	7211045639
1.0	B00001W0KA
1.0	0000031887
1.0	B00002N7X0
1.0	B00001W0KA
1.0	B00001W0GC
1.0	B00001W0KA
1.0	0000031887
1.0	B00001TZYK
1.0	0000031887
1.0	B00001TQ1X
1.0	B00001W0GC
1.0	7549000212
1.0	957349230X
1.0	B00001WRHJ
1.0	B00001TQ1U
1.0	B00001TQ1U
1.0	1608299562
1.0	1608299899
1.0	1608299899
1.0	B00004SR8Z
1.0	8511000135
1.0	8742245095
1.0	B00001W0KA
1.0	B00001W0GC
1.0	B00001W0KA
1.0	8866138371
1.0	8921463240
1.0	0000031887
1.0	B00001O36V
1.0	B00001O36V
1.0	1617160040
1.0	B00001TOXD
1.0	9861137882
1.0	B00001O375
1.0	899634480X
1.0	9882105602
1.0	B00004SR8Z
1.0	B0000224VM
1.0	0000031887
1.0	B00001OGXJ
1.0	1617160040
1.0	B00004SR8W
1.0	B000034DKZ
1.0	B0000224VM
1.0	0742403920
1.0	B00001OGXK
1.0	B000026D6I
1.0	B00001U075
1.0	B00001W0GC
1.0	B00001OGXK
1.0	B00001W0GC
1.0	B00001OGXK
1.0	B00001OGXK
1.0	1617160040
1.0	161716013X
1.0	B00001W0GC
1.0	B00001U00V
1.0	1608299627
1.0	0123456479
1.0	B00001W0KA
1.0	1617160253
1.0	B00001W0KA
1.0	9895515510
1.0	B00004SR8W
1.0	1617160377
1.0	B00004SR8Z
1.0	9620764617
1.0	B00001U07B
1.0	B00001QHXY
1.0	B00001W0J3
1.0	1617160377
1.0	1617160377
1.0	9895517319
1.0	B00002243H
1.0	9626819502
1.0	B00001W0J3
1.0	9895517890
1.0	B000026D6I
1.0	1617160377
1.0	1617160377
1.0	0000031887
1.0	9626819502
1.0	9620764617
1.0	899634480X
1.0	9626819502
1.0	1608299953
1.0	B00001U07B
1.0	1608299562
1.0	0000031887
1.0	9502738349
1.0	0000031887
1.0	B00001W0J3
1.0	B00004SR8W
1.0	B00001WRHJ
1.0	B00001TOXD
1.0	B00001TOXD
1.0	B00001TOXD
1.0	B00001TOXD
1.0	1617160377
1.0	B00001NFV8
1.0	B00001TOXD
1.0	0000031887
1.0	1617160377
1.0	1608299953
1.0	B00001NFX5
1.0	1412719410
1.0	1412719410
1.0	B00001TOXD
1.0	1412719410
1.0	1608299953
1.0	B000026D6I
1.0	B00001U07U
1.0	1412719410
1.0	1608299953
1.0	0000031887
1.0	B00001TOXD
1.0	B000026D6I
1.0	B00001TOXD
1.0	B00001WRHJ
1.0	B00001TQ1X
1.0	B00001WRHJ
1.0	B00001TOXD
1.0	1617160377
1.0	B00004SR8W
1.0	B00001TOXD
1.0	1608299627
1.0	0000031887
1.0	B00001TOXD
1.0	B00001TOXD
1.0	0000031887
1.0	9626819502
1.0	B00001TOXD
1.0	1608299562
1.0	1608299953
1.0	9626819502
1.0	B00001TOXD
1.0	B00004SR8Y
